232.417 26.3559 0.0732037 2.95102 175.561 38.8664 0.0901277 -0.0708152 110.078 48.5394 0.190297 -0.128077 0.284457 0.489858 0.719681 0.748717 2.21699 0.00671875 43.7125 0.171802 1
230.088 26.6724 -0.16419 2.93398 170.929 39.2682 0.104869 -0.0393485 109.643 44.5633 0.10764 -0.0062816 0.151033 0.38529 0.487179 0.609855 2.24803 0.00620408 36.5486 0.156108 1
239.885 19.5654 -0.284278 3.61581 175.509 31.759 0.09462 -0.0762985 118.159 40.7805 0.132496 -0.183334 0.341974 0.483183 0.607595 0.773197 2.2262 0.00659667 44.4954 0.146915 1
227.539 28.666 -0.0100284 2.71621 159.007 36.2376 0.14265 -0.0617927 131.909 44.481 0.199647 -0.0999651 0.33154 0.611849 0.844137 0.703704 2.33786 0.00502478 40.6771 0.172329 1
232.941 26.8516 0.169701 3.12282 172.193 38.3851 0.0703305 -0.0474644 113.82 49.5389 0.22384 -0.113668 0.296342 0.434717 0.825829 0.722902 2.18771 0.00742382 50.4526 0.166244 1
232.744 27.11 -0.183431 3.07305 169.147 39.1639 0.0937945 -0.0609003 118.56 52.4543 0.165177 -0.169675 0.321667 0.52375 0.687423 0.736103 2.25751 0.00639757 41.2917 0.176761 1
225.993 27.2532 -0.482173 3.81522 158.655 36.79 0.11784 0.0217592 127.91 45.0944 0.00238478 0.140723 0.336058 0.501629 0.642887 0.793723 2.23607 0.00686279 28.2811 0.223032 1
228.729 24.2901 0.814402 3.97819 152.569 25.5818 0.02634 0.00145594 138.451 37.2191 0.478872 0.0738399 0.145263 0.369345 0.375862 0.6858 2.19311 0.00719035 37.5316 0.151368 1
230.068 28.585 0.0553328 3.43391 158.515 35.8818 0.124607 -0.0109442 132.267 45.561 0.262356 -0.0576246 0.16632 0.468464 0.457143 0.595205 2.29702 0.00585293 31.3786 0.236283 1
232.587 23.0929 -0.211017 3.50824 165.552 34.6159 0.0926125 0.00401354 120.826 43.4602 0.0650045 0.0392222 0.346936 0.565898 0.73823 0.739859 2.29215 0.00583425 29.1983 0.213719 1
228.401 31.3391 -0.12721 3.26031 153.301 36.9159 0.138512 -0.0441599 143.169 46.2946 0.273796 -0.0421332 0.36258 0.567851 0.691642 0.735557 2.34902 0.00491777 33.773 0.205325 1
226.206 30.6061 -0.116689 3.6875 151.885 37.7013 0.131593 0.00273874 140.361 46.3972 0.18148 0.13087 0.180975 0.522105 0.43038 0.60078 2.33089 0.00532407 28.0278 0.232864 1
220.333 29.9367 -0.10406 4.5472 144.665 30.3173 0.240425 0.226789 141.37 37.1501 0.211532 0.572289 0.272343 0.504032 0.605595 0.733307 2.32643 0.00537387 32.2659 0.205898 1
222.002 32.092 -0.162421 3.81558 138.165 30.4433 0.16613 -0.0314307 158.381 37.7269 0.365717 0.374309 0.298806 0.518514 0.853709 0.717179 2.33464 0.00521483 27.9163 0.219959 1
234.314 27.1357 -0.465119 3.48169 148.979 33.2288 0.124895 -0.0417525 158.209 46.0401 0.193137 -0.165441 0.123607 0.511828 0.418919 0.504941 2.32771 0.00523943 33.5629 0.194984 1
229.066 30.4693 -0.349668 3.09211 148.152 39.475 0.10558 -0.0199138 155.017 51.4425 0.132478 -0.0470828 0.406346 0.582249 0.555285 0.802983 2.31718 0.00560073 27.5309 0.218323 1
226.591 35.1756 -0.260995 3.17892 143.603 37.0466 0.149126 -0.0877349 160.648 47.8004 0.368106 -0.178774 0.109153 0.49549 0.414468 0.495787 2.3466 0.00499534 30.4095 0.195158 1
225.621 32.7383 -0.374143 3.15428 143.189 37.7444 0.151614 -0.0165204 162.13 47.9044 0.143665 0.0103868 0.10663 0.412646 0.349183 0.540373 2.32942 0.00513099 23.771 0.240258 1
231.567 28.3087 -0.266743 2.97489 151.896 37.4962 0.0956598 -0.0426921 150.829 50.9004 0.169107 -0.155705 0.0952793 0.495706 0.308759 0.506882 2.34791 0.00516252 28.6831 0.225626 1
226.337 32.9278 -0.247285 2.83393 146.23 40.1055 0.125242 -0.0400583 160.104 51.5517 0.181695 -0.0817249 0.100788 0.466279 0.434936 0.489782 2.32496 0.00542542 29.1698 0.231862 1
232.11 29.0755 -0.251184 2.34123 165.793 46.7021 0.0592912 -0.0321711 132.313 61.3924 0.100897 -0.0921111 0.150497 0.49177 0.397334 0.571685 2.34133 0.00508643 27.8958 0.232526 1
232.608 26.7891 -0.355129 3.03316 157.042 41.3483 0.0688975 -0.0194197 142.987 54.9239 0.0812661 -0.0445185 0.0964156 0.515693 0.357955 0.471243 2.32501 0.00540884 25.238 0.236315 1
235.279 24.2259 -0.228265 2.35446 163.442 42.8097 0.0307246 -0.0118855 138.76 61.6087 0.0655136 -0.0532474 0.169569 0.388323 0.592609 0.598132 2.27099 0.00632379 22.6738 0.233376 1
233.622 27.7545 -0.127379 2.74919 159.654 42.2181 0.0691873 -0.0430227 140.273 56.5033 0.145719 -0.126122 0.125975 0.376953 0.410479 0.557814 2.35924 0.00478557 36.5304 0.185718 1
231.036 30.9475 -0.156384 2.08504 165.411 48.1722 0.0499589 -0.0246725 132.329 66.3252 0.111474 -0.0896008 0.199738 0.445938 0.680005 0.626164 2.29859 0.00562151 25.8338 0.218374 1
221.071 25.9566 -0.4048 2.70111 164.387 25.2943 0.158611 -0.0133707 102.836 16.7991 0.0363155 -0.00040152 0.351302 0.415045 0.63085 0.873768 2.20972 0.00739645 32.7527 0.201305 0
219.223 21.3647 -0.0296671 2.56404 163.504 20.5748 0.151256 0.0502913 100.518 14.3511 0.00377272 0.0944589 0.27414 0.455592 0.43808 0.826769 1.98843 0.0112889 44.4 0.16964 0
203.207 20.0072 0.17998 2.59955 151.768 19.6985 -0.0327517 0.0892325 101.28 11.3742 0.00845121 0.0375723 0.576445 0.5857 0.548048 0.952189 1.65616 0.0225694 32.4583 0.187253 0
221.444 13.0819 0.0265004 3.55217 172.356 12.2695 -0.170838 -0.0585129 87.3111 9.1841 0.201767 -0.00268994 0.269364 0.434783 0.304348 0.924328 1.20412 0.0625 81.875 0.0662959 0
211.9 25.7552 0.283069 2.16111 157.04 26.69 0.108139 0.0914808 101.34 16.1278 -0.0459992 0.086278 0.366807 0.444336 1 0.854632 1.42566 0.0382653 42.5714 0.176043 0
206.263 23.7148 0.00223173 3.19698 153.293 22.5874 0.110803 0.291856 103.902 15.9406 0.0702758 0.163757 0.325275 0.450418 0.768739 0.799714 2.17211 0.007456 40.656 0.178117 0
208.62 29.7964 0.122054 2.36201 154.663 30.2741 0.131207 0.15598 105.021 23.3229 0.0645522 0.336227 0.223911 0.382197 0.55473 0.769241 2.30819 0.00550571 34.3763 0.191476 0
217.89 29.8785 -0.171577 2.37494 164.622 31.7869 0.114238 -0.00764231 99.3832 24.2156 0.163536 0.316959 0.209127 0.373149 0.427487 0.76211 2.23344 0.00669335 47.125 0.133517 0
222.519 25.9748 -0.2911 2.30124 168.371 27.3446 0.0966399 -0.152767 97.7809 21.5946 0.228676 0.0414111 0.285567 0.426923 0.31115 0.902814 1.98831 0.0117933 81.7742 0.0577198 0
211.931 17.823 0.108727 3.03128 158.364 17.3672 -0.00671199 0.173437 100.624 15.2343 0.159665 0.0673203 0.281258 0.43988 0.583219 0.768051 1.97689 0.0111863 60.0968 0.147723 0
212.876 25.6486 0.627304 3.64677 154.678 25.9113 -0.102786 0.122399 110.384 32.4641 0.396429 0.399099 0.324593 0.522284 0.593557 0.762452 2.02367 0.0104875 44.0119 0.207493 0
215.605 37.223 -0.391415 2.16486 159.132 41.3497 0.109761 -0.157876 147.184 37.0631 0.243624 0.10985 0.448559 0.6375 0.4 0.920246 1.12886 0.078125 99.375 0.0130664 0
232.417 26.3559 0.0732037 2.95102 175.561 38.8664 0.0901277 -0.0708152 110.078 48.5394 0.190297 -0.128077 0.284457 0.489858 0.719681 0.748717 2.21699 0.00671875 43.7125 0.171802 1
230.088 26.6724 -0.16419 2.93398 170.929 39.2682 0.104869 -0.0393485 109.643 44.5633 0.10764 -0.0062816 0.151033 0.38529 0.487179 0.609855 2.24803 0.00620408 36.5486 0.156108 1
226.32 29.0216 -0.154489 2.94004 165.581 34.624 0.17662 -0.036628 117.124 40.3032 0.179956 -0.00630894 0.437828 0.576696 0.713671 0.828431 2.22442 0.00677104 47.431 0.146909 1
239.885 19.5654 -0.284278 3.61581 175.509 31.759 0.09462 -0.0762985 118.159 40.7805 0.132496 -0.183334 0.341974 0.483183 0.607595 0.773197 2.2262 0.00659667 44.4954 0.146915 1
228.497 28.4783 -0.518288 4.27367 159.785 31.1506 0.327238 0.137203 127.697 35.2846 0.0110922 0.50247 0.273866 0.53708 0.763824 0.69203 2.30414 0.00557415 33.5702 0.195124 1
227.539 28.666 -0.0100284 2.71621 159.007 36.2376 0.14265 -0.0617927 131.909 44.481 0.199647 -0.0999651 0.33154 0.611849 0.844137 0.703704 2.33786 0.00502478 40.6771 0.172329 1
229.806 31.3994 -0.433276 3.26812 172.907 40.5237 0.199159 -0.109172 111.984 44.4718 0.141378 0.0196078 0.291463 0.529263 0.888571 0.701402 2.30998 0.00565222 32.4405 0.20983 1
226.705 30.3368 -0.188939 2.76958 167.826 42.1215 0.0929997 -0.0256405 118.593 52.6974 0.105707 -0.0365216 0.0814754 0.30524 0.513514 0.500517 2.21588 0.00705258 36.8186 0.15926 1
232.941 26.8516 0.169701 3.12282 172.193 38.3851 0.0703305 -0.0474644 113.82 49.5389 0.22384 -0.113668 0.296342 0.434717 0.825829 0.722902 2.18771 0.00742382 50.4526 0.166244 1
232.744 27.11 -0.183431 3.07305 169.147 39.1639 0.0937945 -0.0609003 118.56 52.4543 0.165177 -0.169675 0.321667 0.52375 0.687423 0.736103 2.25751 0.00639757 41.2917 0.176761 1
236.434 25.2928 -0.126923 3.10262 174.537 38.9221 0.0813425 -0.0539289 117.301 48.509 0.173895 -0.118524 0.305865 0.482246 0.639459 0.718454 2.22603 0.00686193 30.7915 0.202299 1
239.697 21.7433 -0.166704 2.87889 175.368 36.2045 0.062438 -0.0590169 118.383 48.0968 0.1542 -0.186942 0.356464 0.530986 0.5847 0.787009 2.2192 0.00702268 22.113 0.202553 1
220.998 30.769 0.148625 3.11737 148.806 35.8777 0.171944 0.0433701 139.665 41.2945 0.238551 0.138903 0.109942 0.371258 0.404867 0.585369 2.27506 0.00607882 39.2335 0.159412 1
228.026 20.7778 -0.403449 2.18044 147.821 16.8795 -0.000886188 0.107347 137.744 13.8133 0.263251 0.20289 0.496468 0.621212 0.409091 0.945324 0.30103 0.5 225 0.00442478 0
230.068 28.585 0.0553328 3.43391 158.515 35.8818 0.124607 -0.0109442 132.267 45.561 0.262356 -0.0576246 0.16632 0.468464 0.457143 0.595205 2.29702 0.00585293 31.3786 0.236283 1
232.587 23.0929 -0.211017 3.50824 165.552 34.6159 0.0926125 0.00401354 120.826 43.4602 0.0650045 0.0392222 0.346936 0.565898 0.73823 0.739859 2.29215 0.00583425 29.1983 0.213719 1
230.979 28.2867 -0.276008 3.13691 157.834 36.8422 0.142624 -0.111248 140.068 45.5845 0.206019 -0.248641 0.105983 0.402152 0.517451 0.501334 2.33229 0.00529828 28.6523 0.229017 1
227.619 31.173 -0.37011 3.8739 148.676 30.6022 0.225873 0.0286882 146.45 36.2652 0.366136 0.128294 0.132894 0.413707 0.558594 0.546717 2.32381 0.00532239 31.2561 0.226954 1
221.316 11.272 -0.13563 2.51739 177.158 11.2496 -0.0207584 0.15469 87.5789 13.7087 0.301631 -0.406132 0.808518 0.8 0.6 1 0.30103 0.5 64 0.0153846 0
231.064 27.8359 -0.159893 3.34652 146.893 30.7709 0.12504 -0.0235984 156.727 41.2826 0.290872 -0.0896402 0.257358 0.50791 0.777987 0.665392 2.31779 0.00549396 30.2151 0.206003 1
230.8 22.9273 -1.42725 4.48715 185.35 23.491 -0.0146507 0.142674 85.7 15.4373 0.318617 -0.15125 0.691563 0.632441 0.761905 0.968864 0.60206 0.25 137 0.0122124 0
227.022 29.8891 -0.0616171 3.28926 143.112 31.1113 0.159874 -0.0162533 156.904 37.9921 0.377563 0.0839734 0.0877408 0.427289 0.423228 0.474985 2.34529 0.00504771 35.3789 0.188203 1
222.002 32.092 -0.162421 3.81558 138.165 30.4433 0.16613 -0.0314307 158.381 37.7269 0.365717 0.374309 0.298806 0.518514 0.853709 0.717179 2.33464 0.00521483 27.9163 0.219959 1
229.066 30.4693 -0.349668 3.09211 148.152 39.475 0.10558 -0.0199138 155.017 51.4425 0.132478 -0.0470828 0.406346 0.582249 0.555285 0.802983 2.31718 0.00560073 27.5309 0.218323 1
226.591 35.1756 -0.260995 3.17892 143.603 37.0466 0.149126 -0.0877349 160.648 47.8004 0.368106 -0.178774 0.109153 0.49549 0.414468 0.495787 2.3466 0.00499534 30.4095 0.195158 1
225.621 32.7383 -0.374143 3.15428 143.189 37.7444 0.151614 -0.0165204 162.13 47.9044 0.143665 0.0103868 0.10663 0.412646 0.349183 0.540373 2.32942 0.00513099 23.771 0.240258 1
224.143 33.8655 -0.232707 3.52376 143.711 35.9875 0.192922 -0.0433195 154.437 46.3762 0.276582 -0.049671 0.191377 0.496907 0.442927 0.62186 2.36456 0.00471041 33.606 0.19966 1
234.468 27.5011 -0.381462 3.25174 153.885 38.725 0.0948339 -0.0628145 152.123 52.115 0.171603 -0.194702 0.271171 0.555904 0.567057 0.662461 2.34834 0.00498296 28.8792 0.215707 1
228.782 30.9118 -0.388655 2.89279 156.81 45.6933 0.0779585 -0.0230383 140.715 59.444 0.0818594 -0.0395343 0.246761 0.545023 0.504466 0.681612 2.33563 0.00549506 26.2003 0.243758 1
226.995 32.1925 -0.330256 2.95931 149.835 42.6795 0.113848 -0.0282368 150.787 54.4707 0.118657 -0.0499472 0.20826 0.467068 0.470879 0.66793 2.33458 0.00551097 26.1628 0.23305 1
223.403 32.5387 -0.142689 3.20837 146.66 39.4659 0.138521 0.011982 150.81 48.9669 0.139989 0.0949761 0.175677 0.512493 0.470736 0.568849 2.34727 0.00500648 30.0445 0.214038 1
232.66 29.7474 -0.113697 2.35032 166.445 46.2153 0.0533098 -0.032234 132.185 63.1988 0.128137 -0.105453 0.224438 0.533569 0.685241 0.616968 2.34774 0.00496454 26.9416 0.219703 1
233.553 27.1849 -0.257537 2.31289 164.135 45.9195 0.0449566 -0.024208 134.07 63.3744 0.0872611 -0.0880632 0.109155 0.379387 0.412601 0.486503 2.32539 0.00524945 29.3125 0.212019 1
233.232 28.2575 -0.104213 2.04934 172.305 48.5417 0.0509246 -0.0294631 118.189 63.5382 0.10061 -0.0860731 0.10627 0.38591 0.548587 0.513409 2.24859 0.00673469 21.8286 0.256655 1
232.495 27.0275 -0.191768 2.24027 170.38 49.2579 0.0418763 -0.0189799 119.403 63.9244 0.0640076 -0.0459482 0.124831 0.385234 0.653813 0.507656 2.23864 0.00677283 21.0548 0.243957 1
231.52 29.3092 -0.112481 2.20463 160.35 45.5535 0.0453246 -0.0174562 140.538 64.6065 0.101667 -0.0748601 0.111899 0.32434 0.495122 0.574091 2.25811 0.00644267 25.232 0.185034 1
232.949 28.8733 -0.236788 2.47816 160.37 44.6006 0.0604789 -0.0248313 141.049 61.3303 0.103429 -0.0820671 0.311801 0.505573 0.768732 0.733022 2.29246 0.00628409 32.7452 0.217806 1
225.218 34.0474 -0.363109 2.70069 150.627 46.7253 0.0873471 -0.0195975 149.43 59.3348 0.0829797 -0.00536646 0.180493 0.372347 0.554439 0.644663 2.16699 0.00811076 25.488 0.19776 1
224.521 32.1418 -0.205307 3.16049 144.174 35.8545 0.169878 0.00250972 157.955 45.0163 0.196239 0.0465633 0.156245 0.446974 0.563988 0.592661 2.32472 0.00530783 35.1674 0.202322 1
225.185 29.7498 -0.165779 3.86255 141.038 31.7331 0.182028 0.0587317 154.439 39.2606 0.243947 0.262795 0.353454 0.488216 0.68685 0.806137 2.15873 0.00784444 35.22 0.196626 1
214.772 33.1876 -0.082557 2.5266 137.089 34.0205 0.148452 0.136361 148.418 40.6472 0.0614247 0.23849 0.397238 0.482085 0.72651 0.868168 1.73801 0.0188889 51.7 0.154723 1
206.963 32.2159 -0.242429 2.51773 114.817 27.4542 0.0267226 0.0243459 185.756 37.2992 -0.0579631 0.217594 0.219529 0.37727 0.346154 0.8369 1.72152 0.0200195 59.625 0.150923 1
207.533 28.4385 0.18305 2.08328 126.083 28.3257 -0.0226013 0.00210906 165.117 41.7225 0.0489698 -0.0181407 0.332061 0.461743 0.358249 0.927734 1.59458 0.0260771 52.8095 0.0832946 1
212.77 35.4144 0.104977 2.07506 130.397 36.2472 0.069722 0.00828229 169.079 47.924 0.168177 0.00233399 0.137315 0.33924 0.268966 0.760363 1.93787 0.0127811 43.8 0.125506 1
209.957 35.9054 0.0329904 2.20329 136.229 41.4223 0.0928373 0.0550371 149.829 46.0303 0.0632463 0.113099 0.311415 0.445361 0.416146 0.844268 1.91649 0.0132283 61.4483 0.0808109 1
237.133 23.7784 0.585574 2.60297 183.476 49.9171 0.0126407 -0.00757586 101.762 70.3631 0.0777011 -0.0247873 0.583226 0.614926 0.717676 0.948896 1.82042 0.0157049 69.5405 0.0573923 1
220.8 32.9472 -0.0841849 2.70934 149.35 38.397 0.147658 -0.0129172 138.05 43.2764 0.226252 0.0848911 0.220924 0.443205 0.550976 0.748088 1.80368 0.0166568 47.0244 0.103598 1
217.056 29.013 -0.41445 2.39728 162.688 27.1972 0.0465762 0.0356529 102.395 18.8572 0.118598 0.0165036 0.458114 0.568664 0.719809 0.87078 2.20488 0.00698184 28.371 0.220032 0
221.071 25.9566 -0.4048 2.70111 164.387 25.2943 0.158611 -0.0133707 102.836 16.7991 0.0363155 -0.00040152 0.351302 0.415045 0.63085 0.873768 2.20972 0.00739645 32.7527 0.201305 0
219.223 21.3647 -0.0296671 2.56404 163.504 20.5748 0.151256 0.0502913 100.518 14.3511 0.00377272 0.0944589 0.27414 0.455592 0.43808 0.826769 1.98843 0.0112889 44.4 0.16964 0
203.207 20.0072 0.17998 2.59955 151.768 19.6985 -0.0327517 0.0892325 101.28 11.3742 0.00845121 0.0375723 0.576445 0.5857 0.548048 0.952189 1.65616 0.0225694 32.4583 0.187253 0
221.444 13.0819 0.0265004 3.55217 172.356 12.2695 -0.170838 -0.0585129 87.3111 9.1841 0.201767 -0.00268994 0.269364 0.434783 0.304348 0.924328 1.20412 0.0625 81.875 0.0662959 0
211.9 25.7552 0.283069 2.16111 157.04 26.69 0.108139 0.0914808 101.34 16.1278 -0.0459992 0.086278 0.366807 0.444336 1 0.854632 1.42566 0.0382653 42.5714 0.176043 0
205.625 9.44904 0.665987 4.06596 150 9.43133 0.159313 0.560264 106.325 8.95094 -0.445255 -0.0390145 0.359613 0.562687 0.298507 0.935288 1.38265 0.0433673 28.2143 0.201588 0
206.263 23.7148 0.00223173 3.19698 153.293 22.5874 0.110803 0.291856 103.902 15.9406 0.0702758 0.163757 0.325275 0.450418 0.768739 0.799714 2.17211 0.007456 40.656 0.178117 0
208.62 29.7964 0.122054 2.36201 154.663 30.2741 0.131207 0.15598 105.021 23.3229 0.0645522 0.336227 0.223911 0.382197 0.55473 0.769241 2.30819 0.00550571 34.3763 0.191476 0
188 11.0136 -0.106358 1.34697 125.65 12.551 0.00285515 -0.00134663 142.7 29.3362 0.069912 -0.075212 0.774353 0.833333 0.6 0.987492 0.60206 0.25 125 0.0214432 0
217.89 29.8785 -0.171577 2.37494 164.622 31.7869 0.114238 -0.00764231 99.3832 24.2156 0.163536 0.316959 0.209127 0.373149 0.427487 0.76211 2.23344 0.00669335 47.125 0.133517 0
222.519 25.9748 -0.2911 2.30124 168.371 27.3446 0.0966399 -0.152767 97.7809 21.5946 0.228676 0.0414111 0.285567 0.426923 0.31115 0.902814 1.98831 0.0117933 81.7742 0.0577198 0
211.931 17.823 0.108727 3.03128 158.364 17.3672 -0.00671199 0.173437 100.624 15.2343 0.159665 0.0673203 0.281258 0.43988 0.583219 0.768051 1.97689 0.0111863 60.0968 0.147723 0
212.876 25.6486 0.627304 3.64677 154.678 25.9113 -0.102786 0.122399 110.384 32.4641 0.396429 0.399099 0.324593 0.522284 0.593557 0.762452 2.02367 0.0104875 44.0119 0.207493 0
201.079 23.4503 0.71533 3.18292 148 24.443 0.0565841 0.201433 103.175 16.1457 -0.12882 -0.0248261 0.271101 0.397922 0.314685 0.931475 1 0.1 18.2 0.234842 0
224.26 33.4277 -0.297271 3.16671 164.997 34.5137 0.281161 -0.229832 115.245 38.6005 0.377228 -0.215379 0.372298 0.555721 0.669396 0.77627 2.22636 0.00668478 39.0497 0.167019 1
224.942 30.1527 -0.0169374 3.08888 167.824 39.0367 0.195834 -0.0501519 109.125 40.5205 0.165813 0.14311 0.405372 0.56569 0.785804 0.783681 2.28237 0.00584391 36.8235 0.186385 1
225.386 32.9838 -0.0944053 2.15232 177.861 44.3953 0.201 -0.213956 93.9778 45.7047 0.205915 -0.210123 0.394501 0.598967 0.556659 0.797136 2.15811 0.00796671 34.3034 0.223001 1
233.63 27.9206 -0.0618769 3.17005 186.558 40.8978 0.115745 -0.118045 93.4293 46.3182 0.228864 -0.117069 0.409393 0.58706 0.712684 0.816228 2.2614 0.00619357 39.8507 0.161779 1
230.742 28.8445 0.0215203 2.21775 184.158 43.5183 0.0939202 -0.0818497 96.0383 51.6179 0.17196 -0.134195 0.231209 0.426499 0.570431 0.691876 2.21071 0.00700024 33.8967 0.164986 1
235.411 25.1462 -0.328377 3.36748 174.051 34.5442 0.170312 -0.114989 115.614 41.5233 0.175945 -0.191116 0.172087 0.47348 0.290255 0.673599 2.25176 0.00637121 38.6812 0.153808 1
225.542 30.0695 -0.351016 3.80611 159.035 33.0491 0.212674 0.0803395 127.203 38.7578 0.0909209 0.419471 0.206175 0.444137 0.53399 0.663732 2.2698 0.00616162 29.2182 0.226136 1
217.495 33.3734 -0.0966266 3.20066 154.776 37.3977 0.26265 0.104759 122.178 39.712 0.111118 0.333443 0.36396 0.563893 0.77362 0.762586 2.22954 0.0069086 37.7264 0.203172 1
219.851 37.2366 -0.259293 2.86082 163.005 42.1677 0.294595 -0.154557 115.056 44.3581 0.198355 -0.0255305 0.104856 0.41073 0.909976 0.467956 2.2578 0.00651378 23.5213 0.257251 1
222.722 33.5797 -0.310004 3.50682 160.964 38.4455 0.254092 -0.0674088 120.873 41.9493 0.183222 0.133831 0.0740845 0.367217 0.72093 0.413208 2.27334 0.00615644 34.1815 0.196572 1
212.192 37.132 -0.014829 3.02092 156.036 43.1679 0.197905 3.33422e-05 114.614 48.3323 0.133934 0.13906 0.253408 0.434121 0.699888 0.701543 2.15267 0.00811754 26.7212 0.22877 1
232.956 28.8128 -0.100088 2.56385 171.835 38.223 0.137243 -0.133233 120.446 46.3449 0.276391 -0.297632 0.214578 0.528706 0.917812 0.596768 2.29877 0.00574035 37.977 0.190708 1
229.559 33.6478 -0.229742 2.78953 176.01 42.8129 0.210276 -0.199944 102.498 48.9496 0.297274 -0.301185 0.308732 0.46815 0.653518 0.78565 2.14007 0.00841284 32.7719 0.250636 1
227.58 30.5469 -0.0752952 2.50099 178.517 43.3379 0.119285 -0.0927567 99.8683 46.5485 0.168285 -0.0450559 0.112708 0.450766 0.346995 0.56115 2.15551 0.00793798 40.75 0.172474 1
235.832 30.4316 -0.364493 2.58177 184.871 42.1683 0.160273 -0.226187 101.436 49.0913 0.318211 -0.486706 0.278273 0.445145 0.643649 0.740139 2.10742 0.00892197 27.7019 0.213702 1
234.471 26.2285 -0.162242 2.26478 176.314 43.4133 0.039941 -0.0197907 114.507 61.0932 0.0912893 -0.0801516 0.438543 0.641962 0.821114 0.790381 2.24184 0.00653754 39.4271 0.214502 1
219.289 40.7197 -0.192435 2.26171 171.915 50.2813 0.214493 -0.167093 93.9788 48.6667 0.232978 -0.0123527 0.317203 0.633751 0.956863 0.73492 2.22625 0.00744899 26.9933 0.209933 1
228.68 27.7745 -0.107261 2.60803 170.031 41.4877 0.0810526 -0.0106235 111.06 51.3081 0.084797 -0.00277412 0.476362 0.653611 0.691108 0.813718 2.23012 0.00688047 28.1102 0.222951 1
229.75 33.7681 -0.215803 2.59452 175.218 46.8112 0.160256 -0.141464 104.58 52.934 0.221087 -0.201654 0.329356 0.502098 0.713723 0.77569 2.2643 0.00656275 32.7377 0.228345 1
238.923 25.7766 0.0891146 2.5425 186.932 44.5795 0.0322306 -0.0252001 106.579 62.6899 0.136383 -0.105489 0.26348 0.441545 0.928105 0.70024 2.12534 0.00837743 27.3333 0.152497 1
227.48 38.2266 -0.521122 2.48106 174.613 48.2154 0.31857 -0.349199 101.503 49.3793 0.186516 -0.358933 0.4646 0.573091 0.636818 0.845949 2.0495 0.0107784 19.7917 0.266313 1
230.198 27.5419 -0.143744 2.56349 163.573 38.3203 0.0491674 -0.0137408 131.719 55.8998 0.111743 -0.0636157 0.185779 0.448557 0.759258 0.620084 2.13944 0.00844041 32.8889 0.168718 1
232.611 23.974 -0.258219 3.48203 158.424 29.3812 0.209799 -0.0223208 130.595 32.4248 0.182779 0.0297532 0.368721 0.516162 0.445205 0.864599 2.23279 0.00651749 33.5225 0.159276 1
220.863 33.9761 -0.196926 2.99956 150.872 34.7614 0.3383 -0.0183693 133.681 35.4923 0.282225 0.223219 0.37159 0.513548 0.609327 0.817542 2.25145 0.00633493 31.8582 0.224177 1
230.229 29.0022 -0.262219 2.6755 167.078 43.1081 0.098913 -0.0433604 120.383 54.241 0.10666 -0.0920112 0.106582 0.439111 0.473684 0.508537 2.17911 0.00803889 18.3733 0.275639 1
228.059 29.9415 0.0324678 3.07255 157.023 31.6839 0.189909 -0.010364 134.279 39.1548 0.365793 0.0284444 0.283654 0.497556 0.641185 0.746113 2.23818 0.00658252 36.6778 0.17138 1
223.014 37.9368 -0.715617 3.99184 149.115 29.9921 0.211695 -0.281941 137.158 37.7432 0.64747 -0.57506 0.0934741 0.418153 0.460581 0.487122 2.23416 0.00647901 32.4311 0.203393 1
230.724 29.8378 -0.545753 3.1847 158.622 37.0188 0.185981 -0.124105 134.654 46.233 0.171729 -0.285896 0.141043 0.439254 0.4 0.606656 2.18058 0.00750893 27.2597 0.248186 1
235.207 25.9969 -0.106611 3.12205 160.869 33.3896 0.175811 -0.131805 133.038 39.9509 0.32159 -0.33153 0.166115 0.41402 0.394783 0.654654 2.23375 0.00701916 38.3081 0.206725 1
227.007 32.7732 -0.376834 3.04238 164.716 42.3442 0.248321 -0.191123 116.364 47.5154 0.149694 -0.239449 0.136643 0.472448 0.422472 0.560963 2.22994 0.00745767 23.3497 0.259252 1
235.273 11.478 -0.333719 4.13736 156.5 11.9687 0.414909 0.38367 126.955 11.1089 -0.0502064 0.488214 0.359341 0.517241 0.275862 0.964523 0 0 0 0 1
225.801 32.7754 -0.270574 2.99135 161.767 43.4788 0.170615 -0.0607507 122.679 50.4083 0.13098 -0.0334933 0.330431 0.566152 0.780888 0.688334 2.2095 0.00733634 23.2659 0.265486 1
228.332 28.4437 -0.126011 2.63389 163.158 40.1894 0.0815576 -0.0213673 121.034 54.3876 0.117177 -0.0839496 0.13692 0.326568 0.466819 0.608285 2.20633 0.00709959 30.4293 0.208305 1
225.457 34.4704 -0.242572 3.39868 149.796 39.6421 0.197788 -0.0582841 142.422 47.4627 0.278379 -0.0249688 0.384324 0.568051 0.51193 0.822045 2.25645 0.00630208 34.6835 0.179456 1
230.512 38.2318 -0.497779 2.81249 161.352 44.3914 0.305345 -0.394089 131.517 54.3801 0.396793 -0.874158 0.285218 0.574598 0.983444 0.641317 2.18685 0.00790514 25.4862 0.247738 1
223.263 35.6603 -0.18783 2.67564 155.557 43.2005 0.119823 -0.0355257 133.326 57.8796 0.183486 -0.115495 0.235331 0.468816 0.541722 0.695623 2.2813 0.00572412 30.0559 0.189081 1
213.525 39.6205 -0.0259978 2.59583 143.71 37.6722 0.16532 0.0979006 139.679 44.0492 0.329827 0.26811 0.216458 0.530064 0.537772 0.607449 2.30728 0.00570045 31.6847 0.203788 1
225.707 30.6644 0.0033733 2.88174 149.11 33.6655 0.162274 -0.0014475 149.022 40.9951 0.295648 0.0073303 0.313563 0.518847 0.739506 0.715067 2.30832 0.00559573 34.0606 0.183931 1
226.32 32.3608 -0.0433299 2.88349 148.149 31.9684 0.177965 -0.197187 148.685 41.4777 0.566542 -0.684378 0.320878 0.590848 0.940925 0.689926 2.33644 0.00505299 38.5362 0.182205 1
228.165 29.2753 -0.15996 3.33818 148.992 33.935 0.138897 -0.0239326 151.931 42.2547 0.238459 -0.00692598 0.210826 0.45994 0.448864 0.672572 2.33688 0.0050576 37.3276 0.189698 1
223.048 34.178 -0.137022 3.03187 146.939 36.499 0.176805 -0.0354339 145.752 44.2413 0.31209 -0.0077667 0.12758 0.504023 0.437592 0.527211 2.33541 0.00511453 33.6777 0.214593 1
228.322 31.7289 -0.184378 3.83599 150.885 34.728 0.1847 -0.065078 146.137 44.2945 0.331828 -0.0612451 0.134055 0.459451 0.401471 0.568789 2.30914 0.00578455 27.3518 0.230144 1
234.373 25.2672 -0.270103 3.7213 160.043 35.6103 0.123206 -0.0347152 136.416 44.3341 0.149157 -0.0531077 0.392073 0.627796 0.827087 0.749702 2.33559 0.00529228 30.5788 0.231836 1
221.933 33.2399 -0.0664881 3.54204 144.948 30.9724 0.212673 -0.103929 146.542 37.2736 0.597071 -0.0623301 0.372278 0.567302 0.901607 0.733284 2.35736 0.00476728 37.514 0.182851 1
218.607 35.1007 -0.0712942 3.40652 146.027 37.1749 0.180669 0.0908916 139.476 45.4967 0.189228 0.353779 0.19462 0.577916 0.442197 0.613904 2.34115 0.00515419 28.9129 0.221063 1
211.573 35.1089 -0.0598697 3.10627 138.467 30.5626 0.220318 0.226938 142.971 36.0267 0.335055 0.439397 0.393386 0.59123 0.61527 0.786746 2.33167 0.00526311 31.0947 0.236304 1
224.861 31.4219 -0.355105 3.85118 146.261 30.1846 0.242704 0.00377013 147.29 35.8447 0.370787 0.185559 0.193382 0.449062 0.580494 0.618576 2.33861 0.00506452 34.0785 0.199079 1
150.2 8.41427 0.278396 2.60414 110.4 8.31384 0.0905578 0.00120905 103.8 11.1964 0.130707 0.00057374 0.23904 0.40625 0.5 0.785576 0.778151 0.166667 42 0.236066 1
233.607 25.2211 -0.0918491 3.27386 155.281 30.5808 0.111538 -0.0400721 141.218 42.7892 0.242581 -0.159853 0.371892 0.561864 0.518626 0.784701 2.23671 0.00662053 31.949 0.178021 1
225.922 33.8187 -0.276492 3.78558 147.758 34.9569 0.213469 0.0410257 147.637 44.5997 0.262148 0.186817 0.13352 0.479542 0.434959 0.527322 2.3209 0.00538025 25.6348 0.237807 1
222.306 35.4226 -0.335477 3.26465 141.815 32.9097 0.19349 -0.0553522 152.214 41.1804 0.363968 0.0329227 0.100474 0.480452 0.39528 0.492546 2.35583 0.00481231 31.6644 0.200856 1
219.462 34.6715 -0.398072 2.99701 136.346 28.7893 0.170208 0.0053037 158.313 34.5936 0.321618 0.218851 0.164104 0.522827 0.38698 0.626358 2.35026 0.00497488 33.4674 0.217518 1
221.163 36.4696 -0.322499 3.09303 139.117 31.3202 0.171825 0.0236829 156.188 43.3846 0.318857 -0.041633 0.119295 0.440898 0.483791 0.521028 2.32896 0.00525967 27.9167 0.222542 1
252.55 3.69425 0.913923 3.77835 241.05 9.95226 -1.75215e-05 -0.00055484 19.6 15.5705 0.0382604 -0.00982436 0.685805 0.8 0.6 0.98301 0 0 0 0 1
228.588 31.8409 -0.468269 3.62308 146.073 33.1722 0.168282 -0.0313163 156.175 44.4394 0.25387 -0.0635284 0.0997567 0.471859 0.472123 0.461426 2.3418 0.00507479 33.399 0.198203 1
231.152 30.3942 -0.470397 4.0379 145.301 31.5353 0.200087 -0.189023 158.48 40.9616 0.380377 -0.348834 0.199439 0.50348 0.469772 0.616667 2.34575 0.00495966 35.1709 0.19376 1
233.294 29.0403 -0.326558 3.53106 147.968 33.939 0.139415 -0.0676322 158.605 46.6312 0.268647 -0.238628 0.20284 0.481118 0.435414 0.664782 2.34367 0.00504878 30.0236 0.217758 1
229.733 32.7248 -0.366606 3.16293 152.765 40.1537 0.14245 -0.0762501 147.684 52.4125 0.211002 -0.195721 0.415006 0.627224 0.704187 0.775428 2.34249 0.00514179 27.9376 0.23026 1
226.334 34.5406 -0.322628 2.95868 146.889 38.7915 0.140273 -0.0531716 155.24 50.6729 0.229982 -0.149976 0.164759 0.50072 0.512604 0.561364 2.34439 0.00501602 29.9101 0.230249 1
228.141 33.7263 -0.24935 2.80806 153.739 42.6865 0.128336 -0.0896315 147.586 54.8237 0.222609 -0.24176 0.144801 0.443106 0.430025 0.56188 2.3381 0.00517614 29.9877 0.188445 1
223.316 38.2474 -0.360012 3.09526 144.712 40.1699 0.224558 -0.104607 155.725 48.7259 0.296345 -0.150214 0.138222 0.481138 0.431788 0.55057 2.33785 0.00522615 26.0192 0.237553 1
217.067 39.9643 -0.294691 3.03138 139.111 37.772 0.178045 0.0606702 155.789 49.2331 0.241044 0.155031 0.122786 0.47577 0.380009 0.528489 2.34788 0.00498445 29.0942 0.229889 1
225.579 35.1796 -0.251811 2.69149 142.677 37.8008 0.148614 -0.039873 162.043 49.6791 0.271068 -0.171549 0.128007 0.423766 0.337672 0.599669 2.35962 0.00482828 35.9926 0.21083 1
223.887 37.2923 -0.40459 2.9877 149.205 44.3325 0.187198 -0.10704 147.424 55.4123 0.202165 -0.209468 0.146771 0.470719 0.393072 0.580426 2.32156 0.00525125 22.0402 0.232402 1
230.178 31.2522 -0.324417 3.33484 148.855 37.4661 0.144977 -0.0505066 153.99 49.4378 0.217473 -0.134788 0.170909 0.505593 0.347601 0.635048 2.33462 0.00538077 28.0253 0.225457 1
227.98 31.7345 -0.267204 2.88725 149.154 41.595 0.105336 -0.0356269 154.675 54.2063 0.146327 -0.0856179 0.142436 0.521973 0.370968 0.555912 2.33179 0.0053222 25.389 0.239038 1
224.029 33.7197 -0.28449 3.30715 139.699 33.9704 0.172096 -0.0288919 161.612 46.2311 0.274586 -0.116705 0.207277 0.454589 0.437862 0.691857 2.36738 0.0046342 36.8373 0.193897 1
222.783 34.6219 -0.251539 3.34625 144.043 38.4893 0.166195 -0.0245503 154.044 50.3956 0.210788 -0.04039 0.110617 0.503407 0.430481 0.490825 2.35699 0.00477977 34.007 0.204532 1
227.193 33.6524 -0.333344 2.7847 151.293 40.9575 0.107504 -0.0254154 146.497 56.3114 0.154973 -0.0910581 0.154998 0.446154 0.531269 0.590173 2.35204 0.00488583 26.8492 0.221096 1
231.002 30.1627 -0.0806378 2.38584 160.866 43.5369 0.0732587 -0.0420477 138.364 58.2899 0.159969 -0.135466 0.171676 0.529581 0.568598 0.552204 2.3492 0.00497802 28.0102 0.21285 1
225.887 36.2512 -0.189424 2.37549 159.076 48.1572 0.115833 -0.0700201 133.342 61.7708 0.187572 -0.17835 0.199616 0.530834 0.511936 0.601667 2.32511 0.00534881 22.7935 0.247069 1
224.496 35.1081 -0.275165 2.58124 153.19 48.2107 0.094986 -0.0462455 142.547 63.2988 0.125797 -0.125234 0.131573 0.436737 0.479128 0.538962 2.32291 0.00584938 28.1006 0.22792 1
224.81 34.4964 -0.286195 2.8213 152.758 44.6946 0.120865 -0.0407266 142.217 57.115 0.136394 -0.0787904 0.179836 0.48265 0.505443 0.586621 2.32592 0.00549977 24.0096 0.227417 1
226.671 37.2926 -0.361307 2.71812 153.974 46.4133 0.136705 -0.0637413 144.477 60.2165 0.188826 -0.167805 0.25367 0.596588 0.428571 0.700792 2.35282 0.00492118 29.9001 0.207564 1
229.23 35.4044 -0.304432 2.81418 153.553 41.2389 0.177092 -0.152935 148.411 53.1138 0.326928 -0.441622 0.234932 0.571921 0.425 0.666543 2.35575 0.00484186 28.535 0.221948 1
220.913 38.5706 -0.342753 2.49852 143.198 35.5326 0.0938356 -0.0263988 153.392 52.6932 0.271766 -0.197951 0.106006 0.466508 0.559631 0.466066 2.35979 0.00475182 34.2609 0.198417 1
231.127 31.3004 -0.288703 3.07729 151.656 39.9524 0.120299 -0.0754655 154.216 51.5 0.215169 -0.164325 0.201298 0.511206 0.573657 0.593998 2.34102 0.0050241 26.1249 0.225771 1
228.544 33.3774 -0.366758 3.01704 154.324 41.0622 0.134964 -0.0520206 146.225 54.0631 0.172799 -0.121662 0.193157 0.586583 0.454034 0.582628 2.34049 0.0051439 24.8291 0.238977 1
225.284 33.1334 -0.380102 3.18787 148.517 40.3997 0.106685 -0.0185096 151.834 55.0464 0.123596 -0.0299999 0.07594 0.388291 0.371808 0.466497 2.34544 0.00523745 31.318 0.227065 1
227.694 32.0426 -0.219259 3.25434 150.724 38.593 0.145501 -0.0431676 150.425 50.0898 0.202352 -0.0756272 0.183158 0.460588 0.458829 0.620793 2.35527 0.00492447 29.3224 0.232456 1
227.386 33.1149 -0.328119 2.98651 151.118 41.2103 0.148049 -0.0685381 148.231 52.6539 0.183946 -0.154306 0.131378 0.512116 0.360382 0.541051 2.34505 0.0052219 29.2717 0.236289 1
231.311 29.5463 -0.331471 2.91904 153.229 39.6653 0.0938825 -0.0404843 149.09 53.7241 0.147316 -0.145125 0.179852 0.488297 0.487138 0.597945 2.36971 0.00464232 33.8879 0.201831 1
228.753 31.1314 -0.302347 2.7806 155.78 45.1811 0.0946158 -0.0513411 140.975 59.1349 0.123077 -0.140551 0.0565914 0.405308 0.5171 0.381035 2.30203 0.00667721 27.4542 0.251827 1
234.922 26.2106 -0.231662 2.31637 167.518 45.4037 0.0420486 -0.0196474 129.65 63.1615 0.0802926 -0.073579 0.171015 0.51135 0.372057 0.614562 2.34753 0.00496082 28.1569 0.217286 1
221.492 36.6456 -0.285632 3.0658 148.729 42.9003 0.175498 -0.0480408 144.365 55.4206 0.182804 -0.115846 0.0970172 0.332476 0.346292 0.579055 2.32174 0.00574174 26.7546 0.251192 1
230.757 32.5075 -0.306035 2.44292 160.82 46.6979 0.0880968 -0.0462921 137.079 61.7573 0.136283 -0.134416 0.0917338 0.450789 0.384265 0.478016 2.32315 0.00574559 25.3221 0.231277 1
233.262 28.5025 -0.259062 3.00964 157.255 38.5118 0.101776 -0.0701899 148.436 51.7959 0.189831 -0.212341 0.204132 0.521585 0.392521 0.640055 2.34611 0.00502143 27.0083 0.231782 1
229.814 33.4184 -0.369987 2.82019 154.349 43.0328 0.142905 -0.0860954 145.086 56.3618 0.191356 -0.234632 0.124295 0.448824 0.409091 0.539867 2.32271 0.00569885 24.4564 0.25855 1
229.471 32.0137 -0.255468 2.48362 159.155 44.6532 0.110347 -0.0622417 134.401 58.6293 0.157653 -0.181809 0.0796229 0.41471 0.379453 0.454499 2.28749 0.00625966 21.3815 0.25357 1
233.646 28.7622 -0.305517 2.75995 158.59 40.917 0.0759878 -0.036278 145.026 56.7955 0.136717 -0.122442 0.100937 0.465059 0.400155 0.479234 2.29776 0.00646645 24.7815 0.236767 1
235.191 25.3209 -0.239484 2.62135 163.691 42.9804 0.0525204 -0.0294375 135.583 57.7595 0.0908371 -0.086246 0.103582 0.429661 0.403967 0.496227 2.3126 0.00553658 24.3021 0.240733 1
234.017 28.5541 -0.196394 2.98274 152.816 35.5963 0.130422 -0.0945958 154.649 47.7411 0.271013 -0.305073 0.25766 0.484926 0.493754 0.717525 2.32112 0.00547278 28.7423 0.216902 1
234.207 26.1144 -0.313745 3.02027 156.005 38.3979 0.0726893 -0.0254354 146.657 52.8523 0.114267 -0.0907713 0.0780029 0.341636 0.344984 0.494133 2.31409 0.00568988 23.9903 0.230821 1
233.61 28.2359 -0.142251 3.34606 155.811 36.2546 0.119635 -0.0560839 144.824 49.1209 0.242484 -0.202773 0.093056 0.386928 0.320808 0.525535 2.3403 0.00510608 29.9202 0.230204 1
233.422 26.9008 -0.210672 2.86819 162.837 41.5645 0.0614571 -0.0213826 134.18 57.0288 0.101624 -0.0652074 0.0759823 0.375741 0.367924 0.466624 2.29863 0.00589829 22.2187 0.244488 1
230.59 29.1165 -0.134087 2.79633 151.38 36.8512 0.111389 -0.0614568 150.99 47.9166 0.221427 -0.170584 0.0572453 0.313698 0.392165 0.43883 2.33631 0.00519476 36.8958 0.186421 1
230.581 29.8556 -0.185488 2.95176 157.24 40.166 0.0994967 -0.0432788 141.042 53.1074 0.167694 -0.111002 0.147436 0.408266 0.831093 0.551834 2.28446 0.00629227 22.3208 0.268356 1
235.656 25.8428 -0.193629 3.04397 153.455 33.0434 0.105863 -0.0520267 153.365 46.1051 0.223826 -0.216503 0.106096 0.341543 0.316203 0.62481 2.32792 0.00521905 36.9653 0.188742 1
227.776 34.04 -0.1628 2.48861 157.901 46.3 0.0876581 -0.0382089 136.937 63.1592 0.159825 -0.129465 0.0810998 0.348487 0.329974 0.529072 2.3306 0.00530522 28.7199 0.223374 1
231.646 29.2947 -0.151518 2.80235 157.364 38.5339 0.105247 -0.0508955 139.178 52.6594 0.200541 -0.192825 0.20864 0.507678 0.488931 0.643603 2.35187 0.00498065 31.6146 0.221192 1
229.297 30.9698 -0.184376 2.56706 161.034 44.6563 0.0929403 -0.0448815 133.011 56.7377 0.128944 -0.0920223 0.166311 0.430701 0.619042 0.581771 2.30856 0.00564633 27.0188 0.226092 1
230.67 29.9501 -0.408045 2.93942 156.113 43.3962 0.0884499 -0.031179 145.512 58.3847 0.0978249 -0.088718 0.084658 0.326219 0.519083 0.500395 2.32476 0.0053423 29.3685 0.208586 1
231.648 27.2595 -0.343634 2.78673 159.773 42.4622 0.0622213 -0.0171797 138.109 58.0115 0.0727077 -0.0518902 0.188829 0.460598 0.433045 0.64043 2.31348 0.00559422 22.9039 0.235791 1
226.192 32.0312 -0.347886 3.00994 154.764 42.315 0.109335 -0.0206416 136.019 55.2138 0.0903822 -0.0324307 0.147375 0.378155 0.700621 0.579896 2.25272 0.00720004 27.6569 0.224405 1
230.913 31.3469 -0.136812 2.38613 163.653 46.0432 0.0844759 -0.0516184 130.538 61.4931 0.150501 -0.155399 0.0726695 0.31626 0.368224 0.51561 2.31638 0.00542441 25.8282 0.212772 1
229.489 31.961 -0.104047 2.23202 163.709 47.7484 0.0585774 -0.0246899 130.755 65.5569 0.120341 -0.085799 0.154592 0.417879 0.398525 0.627953 2.27383 0.00635676 22.1598 0.243643 1
222.121 39.6158 0.0995739 1.95681 169.882 55.5885 0.0719778 -0.0398537 110.229 70.1021 0.171844 -0.082609 0.04801 0.330468 0.51048 0.365275 2.26821 0.00643316 23.0419 0.23124 1
221.744 37.4613 -0.0936064 2.29691 159.066 50.1012 0.123428 -0.0578388 127.806 61.279 0.153266 -0.0970506 0.10832 0.395897 0.92588 0.489845 2.23713 0.00672764 18.9155 0.240377 1
219.33 37.1374 -0.155656 2.42834 149.905 43.5306 0.10089 -0.0195136 139.024 59.7931 0.149958 -0.0591773 0.182099 0.406826 0.718128 0.617909 2.25425 0.0065481 29.8282 0.199555 1
232.771 32.5581 -0.0580967 2.03636 177.372 51.1211 0.0649228 -0.0569696 114.167 67.3637 0.165569 -0.175208 0.121253 0.381749 0.568075 0.551255 2.24974 0.00640496 20.4909 0.231251 1
227.601 33.9329 -0.316982 2.99734 148.041 39.0372 0.173142 -0.0966471 153.698 51.1377 0.266789 -0.272065 0.174925 0.337192 0.53129 0.606241 2.30165 0.00580892 31.7717 0.21388 1
221.777 35.0474 -0.273222 2.74858 151.081 46.1858 0.128708 -0.0295275 140.402 56.9482 0.0923605 -0.0272414 0.101831 0.349499 0.629308 0.506555 2.242 0.00730536 22.4294 0.252935 1
231.642 30.5257 -0.487025 2.73565 157.84 45.9315 0.0720122 -0.0317422 146.004 62.2019 0.0906821 -0.0938874 0.122334 0.380621 0.387393 0.564502 2.09374 0.0105958 17.4469 0.280082 1
231.065 30.041 -0.254858 2.40185 164.593 47.8806 0.0581928 -0.0224489 131.659 63.5495 0.0887135 -0.059529 0.287506 0.484933 0.654994 0.75144 2.1186 0.00860596 30.3828 0.216783 1
226.878 33.0178 -0.159936 2.34144 162.935 48.9044 0.0678686 -0.0247808 129.686 63.818 0.10346 -0.0544965 0.123715 0.398037 0.550922 0.549017 2.29103 0.00587733 28.864 0.222634 1
222.164 36.6269 -0.0906557 2.72205 156.143 45.7839 0.158731 -0.0819989 133.556 53.2844 0.216781 -0.0329043 0.223581 0.427229 0.440899 0.747431 2.2141 0.00713861 23.248 0.259958 1
222.615 36.026 -0.132869 2.57426 153.176 46.0086 0.124907 -0.0476751 138.374 58.8243 0.169348 -0.104532 0.268015 0.425302 0.641975 0.753458 2.26383 0.00618413 21.9467 0.244037 1
228.694 31.1719 -0.216313 2.40283 158.412 45.3923 0.0737496 -0.028857 138.527 60.0786 0.111621 -0.084631 0.266069 0.502713 0.804068 0.674235 2.29603 0.00588868 29.8168 0.196984 1
225.622 31.9163 -0.478311 2.9233 145.127 41.1497 0.0721416 -0.00388308 159.428 58.4763 0.0648021 -0.0129348 0.486023 0.581725 0.697388 0.876088 2.18179 0.00757137 45.0069 0.17039 1
229.676 29.475 -0.0867058 2.24341 163.291 50.1356 0.0369931 -0.013 128.424 68.5156 0.0759165 -0.0447251 0.247654 0.428125 0.519805 0.764345 2.24661 0.00682919 35.7239 0.189215 1
228.061 36.6018 -0.345113 2.32476 158.074 50.8941 0.105917 -0.0650787 141.427 66.8153 0.157203 -0.182729 0.112496 0.346914 0.897453 0.520841 2.19823 0.00740157 25.0995 0.21201 1
225.204 35.3338 0.0225156 2.08291 161.809 52.5196 0.0673934 -0.031724 128.812 66.7267 0.135063 -0.0710392 0.0940962 0.311537 0.556408 0.511118 2.27698 0.00603948 32.7315 0.172726 1
232.719 28.5155 -0.357205 2.3586 156.635 46.1486 0.0555075 -0.0267634 148.565 62.6544 0.0821683 -0.0865121 0.267179 0.47912 0.388213 0.785034 2.2629 0.00615451 35.2625 0.173798 1
237.003 24.8522 -0.211906 2.35766 168.908 44.8754 0.0395295 -0.0257981 132.204 62.3083 0.0898832 -0.0962293 0.372247 0.641733 0.722286 0.761718 2.27951 0.00603395 30.2611 0.20819 1
231.069 29.2152 -0.36575 2.17476 160.416 49.4944 0.0464894 -0.0209921 140.675 67.242 0.0640792 -0.0684687 0.294536 0.478051 0.623069 0.725658 2.22021 0.00718762 30.3697 0.185887 1
229.469 31.5274 -0.468343 2.7177 153.675 44.2862 0.0895185 -0.0396715 150.022 59.8373 0.0996493 -0.115443 0.181038 0.46711 0.462532 0.636109 2.24253 0.00684185 29.4072 0.235918 1
234.877 25.5192 -0.256476 2.20672 163.816 45.9719 0.0343433 -0.0121394 137.013 65.6652 0.0599299 -0.0511515 0.232892 0.480946 0.646705 0.667024 2.20112 0.0071625 29.065 0.171051 1
228.929 32.4001 -0.292797 2.51513 152.458 37.5617 0.119297 -0.0545455 149.412 52.2573 0.215615 -0.222928 0.207974 0.382204 0.658498 0.676887 2.28324 0.00607928 31.8847 0.184069 1
216.174 36.2043 -0.258479 2.90151 139.642 36.2294 0.206648 0.0798132 152.474 46.3169 0.102436 0.12131 0.140431 0.33698 0.532454 0.612142 2.30606 0.00547486 36.6938 0.155368 1
218.812 36.5062 -0.351583 2.77153 144.549 36.9278 0.214778 0.0367831 145.52 46.7516 0.117965 0.0616514 0.169978 0.394305 0.703364 0.644916 2.3034 0.00562294 34.1211 0.189144 1
220.366 39.9094 -0.362596 2.82205 142.916 37.8207 0.200971 -0.0855518 153.044 49.1941 0.349714 -0.259779 0.134233 0.413231 0.445274 0.59515 2.28931 0.00614351 35.8885 0.185491 1
224.368 34.0238 -0.260704 2.5095 143.945 35.8793 0.120238 -0.0291139 154.952 49.8985 0.201771 -0.115966 0.0854432 0.37901 0.382312 0.517287 2.2577 0.00638001 29.9869 0.233133 1
214.713 37.0834 -0.224555 2.68896 132.52 32.4887 0.178732 0.0278543 162.993 40.3319 0.333156 0.0307197 0.145573 0.335324 0.365847 0.695211 2.23794 0.00651327 37.6486 0.202445 1
218.971 38.7311 -0.310421 2.68958 142.596 39.6204 0.187782 -0.00830906 152.283 51.8002 0.20617 -0.0818125 0.220633 0.450611 0.700952 0.665707 2.27093 0.00604748 37.0408 0.168048 1
203.167 42.5346 -0.0525085 2.22439 126.674 37.4267 0.114618 0.100558 163.64 49.6637 0.123973 0.191988 0.135634 0.359541 0.491228 0.606437 2.22392 0.00685076 30.9026 0.168779 1
207.412 38.7316 -0.0838514 2.63936 134.182 31.2188 0.154573 0.0911521 143.422 40.4905 0.279572 0.342062 0.143128 0.387788 0.526003 0.603017 2.29425 0.00576915 38.0115 0.157059 1
213.923 36.1923 -0.164513 2.84773 132.554 31.8131 0.168249 -0.0152611 159.213 39.5008 0.317748 0.141761 0.269839 0.533432 0.51634 0.6853 2.30835 0.00548671 42.7859 0.174837 1
206.962 39.7868 -0.151597 2.68543 128.583 30.6493 0.0869464 0.0856947 156.662 39.5335 0.346402 0.501278 0.186232 0.452116 0.378603 0.677969 2.25196 0.00632484 37.9913 0.199292 1
185.61 16.9503 0.463203 3.95957 123.5 15.3036 -0.0208959 -0.0494547 137.537 20.7319 0.256481 -0.0106776 0.412695 0.527208 0.683078 0.854965 1.54185 0.03 52.45 0.0663132 1
205.715 41.4025 -0.0651817 2.32686 127.552 35.5219 0.126149 0.070449 156.985 44.2046 0.240448 0.270673 0.263424 0.541051 0.363636 0.726574 2.27491 0.00605298 41.1636 0.191864 1
208.817 34.6804 0.0877375 2.78426 126.838 25.9075 0.0513969 -0.0292098 162.392 38.3011 0.531938 -0.00270283 0.280423 0.491226 0.386261 0.81344 2.23433 0.00646096 42.9469 0.144747 1
215.22 34.5788 -0.0844974 3.20705 133.465 30.8211 0.132124 0.0864174 156.829 43.2752 0.319307 0.102455 0.226627 0.410352 0.617952 0.695266 2.16118 0.00777904 38.1984 0.165797 1
188.953 41.263 0.227759 2.69371 122.02 35.7465 0.221076 0.397302 147.036 41.646 0.07211 0.589282 0.209911 0.44746 0.448537 0.695684 2.26871 0.00610474 43.6908 0.194665 1
212.932 41.5433 -0.0206915 2.76983 150.498 49.1574 0.218039 0.0236937 128.554 52.1869 0.143457 0.216269 0.300502 0.468439 0.483874 0.786558 2.04802 0.0103093 24.0412 0.232085 1
210.684 35.9813 -0.202391 2.28691 139.419 30.1656 0.0655266 0.0438892 141.838 31.9071 0.260254 0.168644 0.630617 0.637414 0.608443 0.94621 1.75763 0.01947 57.0233 0.151073 1
216.948 33.751 -0.285339 1.93119 133.948 23.8713 0.331165 0.294395 153.271 24.2468 0.117315 0.224079 0.208954 0.464092 0.439024 0.695802 1.8096 0.0164399 20.2143 0.172219 1
184.389 35.479 0.052181 2.93739 115.652 25.3816 0.0389274 0.0608258 149.429 34.6966 0.20403 0.858873 0.249664 0.430642 0.365217 0.792362 2.16012 0.00772189 42.9154 0.15402 1
231.193 19.3132 -0.145192 3.40127 155.158 18.0387 0.400893 -0.324844 135.07 20.3977 0.564106 -0.909375 0.463136 0.592857 0.7 0.820135 1.49606 0.032872 49.1765 0.0878914 1
188.127 45.6853 0.198074 1.88311 121.833 36.9454 0.137647 0.213345 146.48 44.0674 0.0685251 0.131969 0.23946 0.393445 0.425287 0.792345 1.85551 0.0156 28.1 0.167684 1
209.622 35.6585 0.458811 3.25399 141.122 32.3888 0.0748187 0.0496366 135.415 42.0589 0.446377 0.607356 0.419232 0.609162 0.564417 0.868845 1.75909 0.0183673 51.4857 0.139671 1
173 27.335 0.629156 2.75911 115.9 20.5918 0.0251982 0.36823 126.933 17.1871 -0.0723472 0.0512725 0.310958 0.528607 0.316456 0.916396 1.14613 0.0714286 52.1429 0.116862 1
154.92 40.2253 0.774367 2.5277 98.92 29.5282 0.113166 0.242229 151.44 31.802 -0.21497 -0.0900223 0.414938 0.467033 0.807692 0.889615 0.451545 0.375 40.5 0.506098 1
208.149 35.0258 0.230359 2.90071 138.05 31.325 0.10913 0.0802613 144.504 44.5737 0.267662 0.26396 0.364338 0.453335 0.834713 0.841823 1.77297 0.0171696 45.2903 0.151578 1
207.382 34.5509 -0.309994 1.9425 113.676 23.9334 0.116288 0.149228 190.882 25.055 0.0733801 0.430806 0.431441 0.543605 0.372093 0.950473 1.07918 0.0833333 47.1667 0.177418 1
204.774 34.0604 0.134908 2.42572 131.387 33.4458 0.23763 0.0373366 145.839 29.5876 -0.0508544 -0.0893862 0.682282 0.716667 0.833333 0.940465 1.20412 0.0625 48.75 0.106191 1
194.798 42.1 0.18658 2.05811 125.382 35.6571 0.180464 0.245752 149.944 40.8616 0.0435113 0.223708 0.63326 0.692308 0.8125 0.930202 1.90228 0.0134549 51.375 0.060795 1
192.743 36.706 0.221445 2.51672 122.236 28.242 0.0656503 0.242808 147.896 33.8341 0.00960283 0.441771 0.339805 0.480482 0.383178 0.873594 2.07026 0.00921601 41.0112 0.147426 1
211.629 24.6717 0.131357 4.31012 124.857 22.7585 -0.107001 0.237307 162.086 29.9269 0.587572 -0.0863119 0.277314 0.5375 0.8 0.748629 1.36866 0.0443787 31.2308 0.383614 1
210.676 36.3661 -0.285053 2.22921 122.926 28.8674 0.0636075 0.00685778 168.435 44.2441 0.163335 -0.0386388 0.329241 0.503955 0.431373 0.827508 1.94011 0.012104 34.6792 0.191256 1
237.116 19.163 -0.571416 2.43892 150.907 22.8125 0.246062 -0.704175 148.372 23.3438 0.337851 -0.989651 0.607939 0.632653 0.5 0.962784 1.58025 0.0272109 50.0476 0.195927 1
211.385 44.0372 -0.12063 2.24413 143.846 48.8681 0.148374 0.00561962 136.692 47.2963 0.233861 0.256836 0.525588 0.561531 0.55814 0.937466 1.27093 0.055 54.5 0.164305 1
238.974 22.2622 0.615898 3.57653 178.947 36.2164 0.0187977 -0.000956954 107.816 50.0031 0.152539 0.0157327 0.160672 0.293025 0.80303 0.67706 1.30495 0.0520833 34.25 0.256526 1
178.481 36.5305 0.273745 2.71309 108.519 28.0662 0.125755 0.151011 168.442 36.3992 -0.0339124 0.146106 0.407336 0.544776 0.61194 0.818275 1.57504 0.0278926 70.6818 0.136828 1
221.825 30.1222 0.500876 2.63078 144.2 33.7859 0.0687774 -0.0118721 150.088 43.1808 0.326014 0.0928697 0.689935 0.657048 0.779412 0.942071 1.78403 0.0174227 35.9231 0.130435 1
220.077 35.8897 -0.314353 2.12756 131.962 46.2472 0.0742519 -0.0223412 169.135 62.2597 0.0809511 -0.0711112 0.428686 0.553846 0.384615 0.945632 1.64345 0.0227273 59.5909 0.0559147 1
187.875 28.655 0.0755931 2.16261 120.438 23.5504 -0.0282061 0.0168369 149.375 28.2763 0.202089 0.225843 0.36531 0.541667 0.444444 0.877995 1 0.1 77.6 0.033585 1
190.407 44.7806 0.214211 2.13567 123.448 38.6371 0.210396 0.182752 144.421 44.5565 0.16211 0.176666 0.186523 0.441301 0.346793 0.726468 2.08642 0.00878685 45.2976 0.132155 1
218 32.409 -0.323076 2.54803 145.276 34.3229 0.0887214 0.0113215 155.448 45.7705 0.0578751 0.109004 0.734488 0.82 0.5 0.990488 1.28769 0.053719 34.0909 0.0838091 1
222.261 33.8131 -0.108243 2.61697 162.739 39.7232 0.112163 -0.101386 111.913 37.3176 0.39104 0.183686 0.359613 0.460417 0.833333 0.828562 0.90309 0.125 72.5 0.0674783 1
172.147 26.042 0.637614 3.45562 112.529 27.7873 -0.00588423 -0.0573989 141.794 34.4697 -0.151628 -0.234288 0.718683 0.727273 0.545455 0.962708 1.44716 0.0357143 28.5714 0.150124 1
193.842 30.8054 -0.0542478 1.72612 124.737 31.2761 0.115155 -0.0792029 145.526 36.059 0.0646981 -0.390542 0.718683 0.681818 0.727273 0.970309 0 0 0 0 1
207.1 26.4479 0.578616 3.10121 146.667 29.9781 0.151527 0.301635 123.133 29.846 -0.209993 0.293754 0.237352 0.305556 0.666667 0.821636 0 0 0 0 1
189.36 34.0016 0.128016 2.26241 125.32 36.6139 0.0925799 0.099546 146.78 40.3957 -0.236079 -0.158981 0.366688 0.585937 0.347826 0.881177 1.39182 0.0414201 60.9231 0.15773 1
233.52 29.9214 0.233302 1.83869 151.76 47.9611 0.0300102 -0.0279365 153.76 60.8239 0.170174 -0.0887129 0.786079 0.702479 1 0.967581 0.677808 0.222222 4.33333 0.433333 1
190.652 22.4434 0.217814 3.52722 131.348 26.1128 0.117188 0.254298 130 31.3937 -0.32621 -0.210063 0.857538 0.775 0.8 0.98818 0.30103 0.5 16 0.0588235 1
210.8 29.0083 0.104549 2.01788 137.52 23.1838 0.20029 0.155293 135.84 18.973 -0.0684776 0.100041 0.333386 0.461342 0.984127 0.813558 1.53958 0.029321 39.3889 0.117317 1
203.391 35.5243 0.0999116 2.43123 123.087 31.8036 0.063446 -0.0112594 169.391 45.2949 0.203509 0.0527487 0.304089 0.472222 0.5 0.777006 0.90309 0.125 29.5 0.183846 1
213.847 34.3172 -0.137365 2.32125 143.497 45.787 0.0656014 0.013034 149.675 57.6052 0.00670927 0.0549721 0.346414 0.566942 0.324355 0.895088 2.0029 0.0108131 41.3529 0.158974 1
212.712 33.5357 -0.152768 2.26172 126.322 40.1575 0.0756529 0.0172535 169.61 50.5042 0.00582218 0.0280032 0.32589 0.436826 0.455252 0.865452 1.50515 0.03125 65.3125 0.0903349 1
196 32.79 -0.0356932 1.94138 123.545 43.2232 0.0221436 0.036072 159.364 53.0913 -0.161435 -0.00525867 0.478081 0.541667 0.666667 0.922281 0.90309 0.125 24.5 0.128049 1
219.55 38.6762 0.108484 1.36889 168.825 65.7019 0.0239257 -0.0149669 106.9 78.8162 0.0805992 -0.0318343 0.483687 0.514793 0.5 0.93371 1.36866 0.0443787 40.7692 0.0575098 1
189.968 46.5275 -0.0898393 1.78637 127.742 57.6306 0.0657553 0.0271921 143.355 81.1969 -0.0302807 -0.00637033 0.462399 0.555556 0.5 0.926824 1.38021 0.0416667 19.8333 0.194112 1
208.78 35.324 -0.366046 2.92486 130.271 40.0503 0.128021 0.0960547 157.195 53.7815 -0.0620973 0.140654 0.412129 0.523772 0.402912 0.919917 1.78773 0.0182292 48 0.0961087 1
210.762 42.706 0.237989 1.5018 142.714 53.75 0.0393137 -0.0242431 149.857 71.1961 0.162125 -0.0747108 0.601119 0.65 0.625 0.95366 0.90309 0.125 30.5 0.0327443 1
221.81 18.0069 -0.599567 2.84671 144.524 16.1824 0.0902712 0.0329775 136.619 11.7695 0.314358 0.138389 0.595397 0.694444 0.5 0.97111 0 0 0 0 1
215.429 33.0335 -0.207917 2.05643 143.446 46.8058 0.068159 -0.00662366 140.509 62.316 0.0435128 -0.0527365 0.577167 0.609153 0.886811 0.904547 1.90074 0.0132378 46.5 0.106339 1
205 35.3029 -0.39224 3.69282 125.72 34.6147 0.430275 0.222421 164.04 37.7912 -0.15232 0.332106 0.768939 0.75 0.8 0.956294 1.73512 0.0194637 49.9118 0.120842 1
211.536 32.9713 -0.124333 1.88145 137.857 26.8045 0.0858004 -0.00603138 143.357 30.7155 0.106827 0.165691 0.58708 0.770833 0.666667 0.907787 0.778151 0.166667 75.3333 0.0132583 1
210.944 39.9534 -0.411395 2.20621 125.639 29.8665 0.121754 -0.0576705 167.722 32.6621 0.270895 0.245379 0.577999 0.612745 0.705882 0.901134 1.41497 0.0384615 71.7692 0.0466578 1
204.462 41.193 -0.046208 1.97567 133.897 49.3539 0.0919559 0.0266445 159.603 64.0991 0.0149345 0.0108879 0.186736 0.450175 0.590909 0.633924 1.66218 0.0229592 25.1786 0.241701 1
204.58 43.0935 0.0611849 2.41499 133.963 44.0935 0.171203 -0.0537655 147.543 54.5226 0.259976 -0.204753 0.356955 0.494076 0.691667 0.801954 2.09273 0.00895182 39.8646 0.159991 1
208.847 31.3899 0.210618 3.24207 137.352 35.5289 0.0976504 0.156983 144.781 45.1209 -0.00686769 0.248051 0.350053 0.530925 0.446955 0.830824 2.05356 0.00981988 46.6875 0.200174 1
234.522 28.3201 0.660383 2.52893 185.1 55.3731 0.0206969 -0.0198887 95.5111 75.4661 0.119283 -0.0603942 0.49315 0.561692 0.627907 0.916729 1.75569 0.0183655 37.6667 0.128149 1
220.326 35.5552 0.00682092 2.3179 147.767 53.9047 0.0570362 -0.0205621 143.116 62.5673 0.112342 -0.005115 0.401107 0.503472 0.5 0.888529 1.44716 0.0357143 45.2143 0.0713907 1
216.609 35.2134 0.112447 3.05417 145.246 38.3848 0.185594 0.0275268 142.333 42.4215 0.294249 0.337566 0.483026 0.564788 0.728216 0.808714 2.10501 0.00896389 46.055 0.180475 1
205.206 43.5053 0.0790366 2.11736 141.272 52.7361 0.115971 -0.0234637 141.978 57.1218 0.151121 0.0189387 0.226124 0.424046 0.366492 0.778424 1.99857 0.0108957 28.2785 0.18594 1
203.097 34.4026 -0.0152227 2.39971 126.805 32.346 0.0562342 0.0472243 160.195 44.6044 0.0185557 0.117576 0.121332 0.365196 0.392157 0.615054 1.85758 0.0162432 47.7143 0.139642 1
216.082 39.1468 0.0844196 2.27112 153.097 48.514 0.0962232 -0.0208579 130.636 59.3563 0.173709 0.00945007 0.222095 0.427874 0.366935 0.759582 2.07734 0.00984766 42.422 0.169683 1
218.339 34.2901 0.150399 2.81644 141.617 32.5153 0.150944 -0.138894 148.448 39.9785 0.562433 -0.135569 0.519584 0.647127 0.820851 0.819505 1.9777 0.0118221 42.2603 0.235393 1
202.762 39.4933 0.177804 2.72156 139.069 48.4066 0.0878529 0.056778 138.031 57.8583 0.0530996 0.167999 0.530347 0.615469 0.55698 0.922366 1.91685 0.0130579 63.2545 0.160398 1
190.884 37.4193 0.236299 2.63034 121.967 34.5997 0.102071 0.0690742 150.826 44.5901 0.228196 0.107841 0.154103 0.294904 0.277978 0.836575 1.99854 0.0110193 39.5 0.184745 1
210.759 40.1299 -0.0978844 2.76266 131.456 39.3159 0.184852 0.0800106 158.342 45.5209 0.23904 0.271924 0.494741 0.644033 0.684009 0.876104 1.49775 0.0351474 66.5714 0.0677027 1
221.926 24.7647 0.206692 2.10016 146.148 20.9898 0.110079 0.0791482 140.13 28.443 0.217436 0.0163676 0.429656 0.620968 0.322581 0.948854 1.61853 0.0251736 60.4583 0.144768 1
221.458 34.4293 0.268568 1.93743 158.167 57.1644 0.0348677 -0.0180767 123.979 73.9579 0.0993406 -0.044097 0.218252 0.409722 0.888889 0.679133 1.49606 0.032872 68.7647 0.0585389 1
211.385 32.497 0.287036 2.75709 136.193 36.9114 0.0740683 0.0413201 147.771 50.7098 0.147932 0.0623213 0.512107 0.624296 0.536584 0.885621 1.82071 0.0170762 59.449 0.142102 1
208.649 39.4668 -0.11415 2.24885 125.175 35.407 0.165662 0.0414654 167.632 37.5554 0.242703 0.289485 0.44199 0.5125 0.8 0.858901 1.70518 0.0204082 49.2143 0.102332 1
200.897 46.3765 -0.240868 1.63534 111.103 36.0061 0.151086 0.00581077 187.345 55.0068 0.179748 -0.18798 0.523611 0.616667 0.833333 0.902159 1 0.1 92.8 0.110192 1
225.967 23.06 0.0235672 2.47021 134.7 25.0814 0.0660732 0.00856186 161.433 37.3467 0.232779 -0.131362 0.439279 0.527778 0.472222 0.902011 1.31506 0.0495868 49.8182 0.202772 1
181.036 26.4541 -0.107735 2.61988 105.429 26.5403 0.0108193 -0.048432 172.036 36.0163 -0.0261297 -0.0810793 0.640721 0.78 0.5 0.968899 1.30103 0.05 65.4 0.163927 1
206.304 37.7747 -0.342408 2.17666 132.143 44.3349 0.0819414 0.0279359 160.107 59.4624 -0.0499689 0.0270394 0.580913 0.660058 0.534091 0.939177 1.53148 0.0294118 56.8824 0.0827571 1
203.892 34.0471 0.0638262 1.84244 124.108 35.6426 0.0609248 -0.00598268 159.284 51.9861 0.105118 -0.131389 0.194057 0.336806 0.45 0.806485 1.59732 0.026465 67.6957 0.114884 1
209.882 21.3621 0.398276 2.58404 141.559 20.6657 0.0981243 0.166795 130.059 19.2597 -0.333725 -0.0457844 0.777485 0.742424 0.545455 0.991048 1.32235 0.0502959 15.4615 0.253879 1
200.2 35.4311 0.416193 2.30073 113.15 30.2808 0.00664587 0.00640428 175.05 37.6663 0.18496 0.27188 0.621374 0.625 0.625 0.966387 1 0.1 62.8 0.0543888 1
201.714 36.4945 -0.0563925 1.90036 120.821 27.3614 0.0637379 0.0352168 161.893 34.7207 -0.0196291 0.151515 0.497925 0.6 0.48 0.917312 1 0.1 145.4 0.0082558 1
208.524 36.1394 0.208289 2.05899 135.905 46.8329 0.0675953 -0.0164574 151.429 60.5228 0.151333 -0.0831162 0.666414 0.722222 0.5 0.983909 0 0 0 0 1
201.32 33.7766 0.294738 2.08476 119.32 32.2177 0.0350051 0.0600192 175.8 42.1075 -0.0173696 0.00280061 0.711496 0.6875 0.666667 0.964371 0.90309 0.125 68.5 0.0335101 1
178.238 29.8933 0.251013 1.77894 107.81 27.8527 0.0149908 -0.0142327 172.19 47.4659 0.105941 -0.141815 0.601119 0.722222 0.5 0.934465 0.30103 0.5 196 0.00507614 1
205.627 33.0863 0.305444 2.97885 132.314 27.8606 0.151989 0.0164211 146.333 35.8246 0.61357 0.000663875 0.460606 0.602902 0.457143 0.896496 1.47268 0.0354938 50.0556 0.155349 1
210.613 38.6562 -0.0381852 1.8309 140.613 42.315 0.0771395 0.0184169 150.677 38.2963 0.145047 0.093037 0.809059 0.769231 0.846154 0.971089 1.18838 0.0679012 104 0.0145169 1
211.85 26.9579 0.113349 2.21366 120.05 36.8178 -0.000810786 0.0254993 184.55 45.2222 -0.0218042 0.0536549 0.615152 0.666667 0.5 0.970029 0.30103 0.5 9 0.1 1
209.217 40.1193 -0.14129 2.12736 120.087 37.5719 0.157178 -0.0411243 177 40.528 0.231452 -0.155018 0.466438 0.642857 0.428571 0.93401 0.30103 0.5 121 0.00819672 1
220.179 29.8441 -0.733194 2.85496 162.917 28.3075 0.0880602 -0.155008 103.369 18.3678 0.216488 0.0225204 0.298225 0.469697 0.545455 0.768312 1.69788 0.0211111 50.3667 0.165044 1
217.087 30.4672 -0.545603 2.66487 163.501 27.5848 0.0992009 -0.088558 100.175 15.4893 0.0810852 0.0373642 0.292025 0.409391 0.71321 0.750637 2.24351 0.00668565 34.1509 0.18566 1
222 31.423 -0.377528 2.32189 131.222 35.4582 0.128522 -0.192086 165.815 44.6418 0.306538 -0.616389 0.878559 0.791667 0.75 0.989194 1.14613 0.0714286 115.286 0.0217616 1
216.341 26.0491 -0.428709 2.86376 161.384 24.0183 0.155235 -0.0757084 101.606 14.8745 0.0862985 0.0165786 0.235206 0.347472 0.640558 0.715577 2.14026 0.00823268 43.4729 0.103518 1
229.565 21.1492 0.0361431 1.93407 158.261 45.1685 0.0151444 0.00110566 124.565 51.7879 0.0169333 -0.000213576 0.39485 0.50431 0.413793 0.930887 0 0 0 0 1
212.258 17.2626 -0.0765229 3.59854 153.796 15.8315 0.145233 0.00938135 110.989 12.5351 -0.040703 -0.210346 0.285467 0.46 0.666667 0.758668 1.79702 0.0178571 46.8333 0.143817 1
200.819 27.3109 -0.601016 4.37929 149.069 24.3298 0.0729156 -0.186434 105.861 12.139 0.0439652 -0.0289274 0.34168 0.450791 0.527098 0.876031 1.86614 0.0152066 44.3091 0.183081 1
212.774 43.4331 -0.512711 2.05135 138.935 40.1649 0.135661 -0.036264 143.323 26.8357 0.17887 0.211297 0.628835 0.614286 0.7 0.945989 1.18838 0.0679012 82.5556 0.0166119 1
216.17 17.7944 -0.38425 3.12539 165.3 16.9248 -0.162102 0.348141 93.85 12.4799 0.199501 0.272426 0.304151 0.45703 0.35774 0.875381 1.56591 0.0283447 45.1429 0.130063 1
186.742 18.3285 0.0861199 2.80222 135.258 17.5591 -0.0186711 0.0991623 115.581 15.947 0.404063 0.611906 0.628847 0.697266 0.5 0.962883 0.60206 0.25 9 0.1 1
224.215 24.7862 -0.651715 3.35401 170.364 25.4413 0.128055 -0.226042 96.5514 16.9795 0.239647 0.0945744 0.299635 0.508178 0.431818 0.813054 1.82016 0.0163593 37.5366 0.13282 1
213.778 29.3105 -0.241803 2.56251 160.468 29.9453 0.249373 -0.0359077 99.0443 20.7356 0.0421107 0.092258 0.235163 0.516969 0.818608 0.623288 2.15074 0.00827876 34.1283 0.193795 1
211.624 28.3823 -0.0500871 2.47118 159.705 29.1464 0.0885594 0.102018 98.8953 19.7804 0.0778429 0.351767 0.14138 0.329029 0.592309 0.610698 2.25035 0.00642207 32.639 0.187823 1
220.269 29.7373 -0.086312 3.19306 167.559 33.0575 0.0921577 0.00694971 97.2153 29.0735 0.433431 0.639208 0.229669 0.417969 0.297614 0.832744 2.20809 0.00704923 53.7222 0.146484 0
222.875 23.4342 -0.257954 2.52863 170.256 23.8887 0.145396 0.00783589 92.6401 16.6018 0.110849 0.10913 0.278813 0.433616 0.579563 0.779679 2.10911 0.00876932 40.7241 0.18059 0
213.399 23.5109 -0.189864 2.80558 162.454 21.7739 0.0626638 0.0603267 95.0459 13.4604 0.106881 0.111317 0.475051 0.552298 0.4335 0.935742 2.03355 0.0100624 42.0476 0.181619 0
145.459 29.2626 0.0379379 2.91344 139.568 26.7638 0.129353 -0.0877389 58.8919 12.8206 -0.0116623 0.0149866 0.183877 0.307692 0.384615 0.80017 0.90309 0.125 33.25 0.073552 0
254.857 0.349927 0.352194 1.48894 254.286 0.764875 5.83821e-06 -8.294e-08 3.90476 3.76582 0.00192028 -0.000274189 0.746888 0.75 0.5 0.98818 0.30103 0.5 49 0.02 0
204.533 25.4505 0.167216 3.2521 156.65 26.0484 0.0789148 0.17892 94.7617 20.4163 0.217989 0.514452 0.39529 0.508576 0.552912 0.855197 2.04595 0.0103063 38.5542 0.19819 0
196.306 24.9351 0.348152 3.4862 144.79 25.2619 0.0310339 0.0133377 103.323 17.7698 -0.0325168 -0.0954878 0.297184 0.564516 0.241935 0.9441 0.60206 0.25 74.5 0.0149505 0
